Isotopomer_WTEColi_113C80_U13C20_01_OxicWtGlc_0.fragments.xaccoa_C10H11N5O6P.met = 'xaccoa_c';
Isotopomer_WTEColi_113C80_U13C20_01_OxicWtGlc_0.fragments.xaccoa_C10H11N5O6P.fragment = [1, 1, 1, 1, 1, 1, 1, 1, 1, 1, 0, 0, 0, 0, 0, 0, 0, 0, 0, 0, 0, 0, 0]';
Isotopomer_WTEColi_113C80_U13C20_01_OxicWtGlc_0.fragments.xaccoa_C10H11N5O6P.data = [0.0, 0.11648221857695, 0.379017950532148, 0.283196794241718, 0.265456563083239, 0.148879331962655, 0.0, 0.0, 0.0571060832103089, 0.0, 0.0]';
Isotopomer_WTEColi_113C80_U13C20_01_OxicWtGlc_0.fragments.xaccoa_C10H11N5O6P.metfrag = 'xaccoa_c11111111110000000000000';
Isotopomer_WTEColi_113C80_U13C20_01_OxicWtGlc_0.fragments.xaccoa_C10H12N5O9P2.met = 'xaccoa_c';
Isotopomer_WTEColi_113C80_U13C20_01_OxicWtGlc_0.fragments.xaccoa_C10H12N5O9P2.fragment = [1, 1, 1, 1, 1, 1, 1, 1, 1, 1, 0, 0, 0, 0, 0, 0, 0, 0, 0, 0, 0, 0, 0]';
Isotopomer_WTEColi_113C80_U13C20_01_OxicWtGlc_0.fragments.xaccoa_C10H12N5O9P2.data = [0.0281401570655298, 0.148932643324572, 0.254167841485525, 0.234410718568214, 0.177795281863748, 0.101774289753622, 0.0466581365318364, 0.0218550468628049, 0.00712432386252784, 0.0, 0.0]';
Isotopomer_WTEColi_113C80_U13C20_01_OxicWtGlc_0.fragments.xaccoa_C10H12N5O9P2.metfrag = 'xaccoa_c11111111110000000000000';
Isotopomer_WTEColi_113C80_U13C20_01_OxicWtGlc_0.fragments.xaccoa_C10H14N5O10P2.met = 'xaccoa_c';
Isotopomer_WTEColi_113C80_U13C20_01_OxicWtGlc_0.fragments.xaccoa_C10H14N5O10P2.fragment = [1, 1, 1, 1, 1, 1, 1, 1, 1, 1, 0, 0, 0, 0, 0, 0, 0, 0, 0, 0, 0, 0, 0]';
Isotopomer_WTEColi_113C80_U13C20_01_OxicWtGlc_0.fragments.xaccoa_C10H14N5O10P2.data = [0.0435870617340458, 0.142793648003626, 0.304978994285484, 0.219705460733863, 0.171211390800672, 0.0787531084326791, 0.0490519461096255, 0.0160746736218492, 0.0, 0.0, 0.0]';
Isotopomer_WTEColi_113C80_U13C20_01_OxicWtGlc_0.fragments.xaccoa_C10H14N5O10P2.metfrag = 'xaccoa_c11111111110000000000000';
Isotopomer_WTEColi_113C80_U13C20_01_OxicWtGlc_0.fragments.xaccoa_C13H23N2O10P2S.met = 'xaccoa_c';
Isotopomer_WTEColi_113C80_U13C20_01_OxicWtGlc_0.fragments.xaccoa_C13H23N2O10P2S.fragment = [0, 0, 0, 0, 0, 0, 0, 0, 0, 0, 1, 1, 1, 1, 1, 1, 1, 1, 1, 1, 1, 1, 1]';
Isotopomer_WTEColi_113C80_U13C20_01_OxicWtGlc_0.fragments.xaccoa_C13H23N2O10P2S.data = [0.0, 0.0, 0.0452274060576208, 0.204434082210224, 0.184293083734152, 0.241937096976582, 0.191284158183256, 0.0990850253477687, 0.0585779394115247, 0.0, 0.0, 0.0, 0.0, 0.0]';
Isotopomer_WTEColi_113C80_U13C20_01_OxicWtGlc_0.fragments.xaccoa_C13H23N2O10P2S.metfrag = 'xaccoa_c00000000001111111111111';
Isotopomer_WTEColi_113C80_U13C20_01_OxicWtGlc_0.fragments.xaccoa_C13H25N2O11P2S.met = 'xaccoa_c';
Isotopomer_WTEColi_113C80_U13C20_01_OxicWtGlc_0.fragments.xaccoa_C13H25N2O11P2S.fragment = [0, 0, 0, 0, 0, 0, 0, 0, 0, 0, 1, 1, 1, 1, 1, 1, 1, 1, 1, 1, 1, 1, 1]';
Isotopomer_WTEColi_113C80_U13C20_01_OxicWtGlc_0.fragments.xaccoa_C13H25N2O11P2S.data = [0.0, 0.0, 0.0830423747004961, 0.149872846525294, 0.182427339951582, 0.33906703438861, 0.216157613532348, 0.149167267512673, 0.0, 0.0383609674931181, 0.0423052571567943, 0.0844177450128404, 0.114607574131096, 0.0]';
Isotopomer_WTEColi_113C80_U13C20_01_OxicWtGlc_0.fragments.xaccoa_C13H25N2O11P2S.metfrag = 'xaccoa_c00000000001111111111111';
Isotopomer_WTEColi_113C80_U13C20_01_OxicWtGlc_0.fragments.xaccoa_C23H36N7O14P2S.met = 'xaccoa_c';
Isotopomer_WTEColi_113C80_U13C20_01_OxicWtGlc_0.fragments.xaccoa_C23H36N7O14P2S.fragment = [1, 1, 1, 1, 1, 1, 1, 1, 1, 1, 1, 1, 1, 1, 1, 1, 1, 1, 1, 1, 1, 1, 1]';
Isotopomer_WTEColi_113C80_U13C20_01_OxicWtGlc_0.fragments.xaccoa_C23H36N7O14P2S.data = [0.0, 0.0, 0.0, 0.0, 0.0, 0.156191630004522, 0.186618935886872, 0.209275617676144, 0.20464876457825, 0.174276411760639, 0.142530867641489, 0.0, 0.0, 0.0, 0.0, 0.0, 0.0, 0.0, 0.0, 0.0, 0.0, 0.0, 0.0, 0.0]';
Isotopomer_WTEColi_113C80_U13C20_01_OxicWtGlc_0.fragments.xaccoa_C23H36N7O14P2S.metfrag = 'xaccoa_c11111111111111111111111';
Isotopomer_WTEColi_113C80_U13C20_01_OxicWtGlc_0.fragments.xacon_DASH_C_C4H3O4.met = 'xacon_DASH_C_c';
Isotopomer_WTEColi_113C80_U13C20_01_OxicWtGlc_0.fragments.xacon_DASH_C_C4H3O4.fragment = [1, 1, 1, 0, 0, 1]';
Isotopomer_WTEColi_113C80_U13C20_01_OxicWtGlc_0.fragments.xacon_DASH_C_C4H3O4.data = [0.512730870246875, 0.314879594244513, 0.109512869568756, 0.0622083717928526, 0.00100244122050462]';
Isotopomer_WTEColi_113C80_U13C20_01_OxicWtGlc_0.fragments.xacon_DASH_C_C4H3O4.metfrag = 'xacon_DASH_C_c111001';
Isotopomer_WTEColi_113C80_U13C20_01_OxicWtGlc_0.fragments.xacon_DASH_C_C4H5O2.met = 'xacon_DASH_C_c';
Isotopomer_WTEColi_113C80_U13C20_01_OxicWtGlc_0.fragments.xacon_DASH_C_C4H5O2.fragment = [1, 1, 1, 1, 0, 0]';
Isotopomer_WTEColi_113C80_U13C20_01_OxicWtGlc_0.fragments.xacon_DASH_C_C4H5O2.data = [0.295152569402003, 0.36250601969162, 0.272664303571551, 0.0499644905716946, 0.0197126167631314]';
Isotopomer_WTEColi_113C80_U13C20_01_OxicWtGlc_0.fragments.xacon_DASH_C_C4H5O2.metfrag = 'xacon_DASH_C_c111100';
Isotopomer_WTEColi_113C80_U13C20_01_OxicWtGlc_0.fragments.xacon_DASH_C_C5H3O3.met = 'xacon_DASH_C_c';
Isotopomer_WTEColi_113C80_U13C20_01_OxicWtGlc_0.fragments.xacon_DASH_C_C5H3O3.fragment = [1, 1, 1, 1, 1, 0]';
Isotopomer_WTEColi_113C80_U13C20_01_OxicWtGlc_0.fragments.xacon_DASH_C_C5H3O3.data = [0.116005540401145, 0.166277958965296, 0.124070973178545, 0.122485757302488, 0.269649849869478, 0.201509920283049]';
Isotopomer_WTEColi_113C80_U13C20_01_OxicWtGlc_0.fragments.xacon_DASH_C_C5H3O3.metfrag = 'xacon_DASH_C_c111110';
Isotopomer_WTEColi_113C80_U13C20_01_OxicWtGlc_0.fragments.xacon_DASH_C_C6H3O5.met = 'xacon_DASH_C_c';
Isotopomer_WTEColi_113C80_U13C20_01_OxicWtGlc_0.fragments.xacon_DASH_C_C6H3O5.fragment = [1, 1, 1, 1, 1, 1]';
Isotopomer_WTEColi_113C80_U13C20_01_OxicWtGlc_0.fragments.xacon_DASH_C_C6H3O5.data = [0.146425699956077, 0.246419592245388, 0.277579302931233, 0.209876704330682, 0.11322731851426, 0.047541314063258, 0.0]';
Isotopomer_WTEColi_113C80_U13C20_01_OxicWtGlc_0.fragments.xacon_DASH_C_C6H3O5.metfrag = 'xacon_DASH_C_c111111';
Isotopomer_WTEColi_113C80_U13C20_01_OxicWtGlc_0.fragments.xacon_DASH_C_C6HO4.met = 'xacon_DASH_C_c';
Isotopomer_WTEColi_113C80_U13C20_01_OxicWtGlc_0.fragments.xacon_DASH_C_C6HO4.fragment = [1, 1, 1, 1, 1, 1]';
Isotopomer_WTEColi_113C80_U13C20_01_OxicWtGlc_0.fragments.xacon_DASH_C_C6HO4.data = [0.65817723972102, 0.425960248655609, 0.386527907853527, 0.0, 0.0, 0.0, 0.0]';
Isotopomer_WTEColi_113C80_U13C20_01_OxicWtGlc_0.fragments.xacon_DASH_C_C6HO4.metfrag = 'xacon_DASH_C_c111111';
Isotopomer_WTEColi_113C80_U13C20_01_OxicWtGlc_0.fragments.xamp_C5H4N5.met = 'xamp_c';
Isotopomer_WTEColi_113C80_U13C20_01_OxicWtGlc_0.fragments.xamp_C5H4N5.fragment = [0, 0, 0, 0, 0, 1, 1, 1, 1, 1]';
Isotopomer_WTEColi_113C80_U13C20_01_OxicWtGlc_0.fragments.xamp_C5H4N5.data = [0.0941410607331034, 0.420358844747568, 0.449892199841043, 0.193535615725402, 0.135607421100381, 0.0]';
Isotopomer_WTEColi_113C80_U13C20_01_OxicWtGlc_0.fragments.xamp_C5H4N5.metfrag = 'xamp_c0000011111';
Isotopomer_WTEColi_113C80_U13C20_01_OxicWtGlc_0.fragments.xasp_DASH_L_C3H3O2.met = 'xasp_DASH_L_c';
Isotopomer_WTEColi_113C80_U13C20_01_OxicWtGlc_0.fragments.xasp_DASH_L_C3H3O2.fragment = [0, 1, 1, 1]';
Isotopomer_WTEColi_113C80_U13C20_01_OxicWtGlc_0.fragments.xasp_DASH_L_C3H3O2.data = [0.354441306482418, 0.128916521026751, 0.516642172490831, 0.0]';
Isotopomer_WTEColi_113C80_U13C20_01_OxicWtGlc_0.fragments.xasp_DASH_L_C3H3O2.metfrag = 'xasp_DASH_L_c0111';
Isotopomer_WTEColi_113C80_U13C20_01_OxicWtGlc_0.fragments.xasp_DASH_L_C4H3O4.met = 'xasp_DASH_L_c';
Isotopomer_WTEColi_113C80_U13C20_01_OxicWtGlc_0.fragments.xasp_DASH_L_C4H3O4.fragment = [1, 1, 1, 1]';
Isotopomer_WTEColi_113C80_U13C20_01_OxicWtGlc_0.fragments.xasp_DASH_L_C4H3O4.data = [0.413455801662401, 0.383175401671396, 0.244042555999444, 0.0, 0.0]';
Isotopomer_WTEColi_113C80_U13C20_01_OxicWtGlc_0.fragments.xasp_DASH_L_C4H3O4.metfrag = 'xasp_DASH_L_c1111';
Isotopomer_WTEColi_113C80_U13C20_01_OxicWtGlc_0.fragments.xatp_C10H11N5O6P.met = 'xatp_c';
